Введите Ч(нечётное и больше 7): 
Введите x: 
dy = 0.142857
i = 9
a = 3
dy = 0.148148
i = 11
a = 4
dy = 0.151515
i = 13
a = 5
dy = 0.153846
i = 15
a = 6
dy = 0.155556
i = 17
a = 7
y = 0.751922
