¬ведите c(нечЄтное и больше 7): 
¬ведите x: 

dy = 0.214286
i = 9
a = 3

dy = 0.222222
i = 11
a = 4

dy = 0.227273
i = 13
a = 5

y = 0.663781
